-0.5063 -0.1808 
-0.5063 -0.1447 
-0.5063 -0.1085 
-0.5063 -0.0723 
-0.5063 -0.0362 
-0.4702 -0.2532 
-0.4702 -0.2170 
-0.4702 -0.1808 
-0.4702 -0.1447 
-0.4702 -0.1085 
-0.4702 -0.0723 
-0.4702 -0.0362 
-0.4340 -0.2893 
-0.4340 -0.2532 
-0.4340 -0.2170 
-0.4340 -0.1808 
-0.4340 -0.1447 
-0.4340 -0.1085 
-0.4340 -0.0723 
-0.4340 -0.0362 
-0.3978 -0.3617 
-0.3978 -0.3255 
-0.3978 -0.2893 
-0.3978 -0.2532 
-0.3978 -0.2170 
-0.3978 -0.1808 
-0.3978 -0.1447 
-0.3978 -0.1085 
-0.3978 -0.0723 
-0.3978 -0.0362 
-0.3617 -0.3978 
-0.3617 -0.3617 
-0.3617 -0.3255 
-0.3617 -0.2893 
-0.3617 -0.2532 
-0.3617 -0.2170 
-0.3617 -0.1808 
-0.3617 -0.1447 
-0.3617 -0.1085 
-0.3617 -0.0723 
-0.3617 -0.0362 
-0.3255 -0.3978 
-0.3255 -0.3617 
-0.3255 -0.3255 
-0.3255 -0.2893 
-0.3255 -0.2532 
-0.3255 -0.2170 
-0.3255 -0.1808 
-0.3255 -0.1447 
-0.3255 -0.1085 
-0.3255 -0.0723 
-0.3255 -0.0362 
-0.2893 -0.4340 
-0.2893 -0.3978 
-0.2893 -0.3617 
-0.2893 -0.3255 
-0.2893 -0.2893 
-0.2893 -0.2532 
-0.2893 -0.2170 
-0.2893 -0.1808 
-0.2893 -0.1447 
-0.2893 -0.1085 
-0.2893 -0.0723 
-0.2893 -0.0362 
-0.2532 -0.4702 
-0.2532 -0.4340 
-0.2532 -0.3978 
-0.2532 -0.3617 
-0.2532 -0.3255 
-0.2532 -0.2893 
-0.2532 -0.2532 
-0.2532 -0.2170 
-0.2532 -0.1808 
-0.2532 -0.1447 
-0.2532 -0.1085 
-0.2532 -0.0723 
-0.2532 -0.0362 
-0.2170 -0.4702 
-0.2170 -0.4340 
-0.2170 -0.3978 
-0.2170 -0.3617 
-0.2170 -0.3255 
-0.2170 -0.2893 
-0.2170 -0.2532 
-0.2170 -0.2170 
-0.2170 -0.1808 
-0.2170 -0.1447 
-0.2170 -0.1085 
-0.2170 -0.0723 
-0.2170 -0.0362 
-0.1808 -0.5063 
-0.1808 -0.4702 
-0.1808 -0.4340 
-0.1808 -0.3978 
-0.1808 -0.3617 
-0.1808 -0.3255 
-0.1808 -0.2893 
-0.1808 -0.2532 
-0.1808 -0.2170 
-0.1808 -0.1808 
-0.1808 -0.1447 
-0.1808 -0.1085 
-0.1808 -0.0723 
-0.1808 -0.0362 
-0.1447 -0.5063 
-0.1447 -0.4702 
-0.1447 -0.4340 
-0.1447 -0.3978 
-0.1447 -0.3617 
-0.1447 -0.3255 
-0.1447 -0.2893 
-0.1447 -0.2532 
-0.1447 -0.2170 
-0.1447 -0.1808 
-0.1447 -0.1447 
-0.1447 -0.1085 
-0.1447 -0.0723 
-0.1447 -0.0362 
-0.1085 -0.5063 
-0.1085 -0.4702 
-0.1085 -0.4340 
-0.1085 -0.3978 
-0.1085 -0.3617 
-0.1085 -0.3255 
-0.1085 -0.2893 
-0.1085 -0.2532 
-0.1085 -0.2170 
-0.1085 -0.1808 
-0.1085 -0.1447 
-0.1085 -0.1085 
-0.1085 -0.0723 
-0.1085 -0.0362 
-0.0723 -0.5063 
-0.0723 -0.4702 
-0.0723 -0.4340 
-0.0723 -0.3978 
-0.0723 -0.3617 
-0.0723 -0.3255 
-0.0723 -0.2893 
-0.0723 -0.2532 
-0.0723 -0.2170 
-0.0723 -0.1808 
-0.0723 -0.1447 
-0.0723 -0.1085 
-0.0723 -0.0723 
-0.0723 -0.0362 
-0.0362 -0.5063 
-0.0362 -0.4702 
-0.0362 -0.4340 
-0.0362 -0.3978 
-0.0362 -0.3617 
-0.0362 -0.3255 
-0.0362 -0.2893 
-0.0362 -0.2532 
-0.0362 -0.2170 
-0.0362 -0.1808 
-0.0362 -0.1447 
-0.0362 -0.1085 
-0.0362 -0.0723 
-0.0362 -0.0362 
0.0000 -0.5063 
0.0000 -0.4702 
0.0000 -0.4340 
0.0000 -0.3978 
0.0000 -0.3617 
0.0000 -0.3255 
0.0000 -0.2893 
0.0000 -0.2532 
0.0000 -0.2170 
0.0000 -0.1808 
0.0000 -0.1447 
0.0000 -0.1085 
0.0000 -0.0723 
0.0000 -0.0362 
0.0362 -0.5063 
0.0362 -0.4702 
0.0362 -0.4340 
0.0362 -0.3978 
0.0362 -0.3617 
0.0362 -0.3255 
0.0362 -0.2893 
0.0362 -0.2532 
0.0362 -0.2170 
0.0362 -0.1808 
0.0362 -0.1447 
0.0362 -0.1085 
0.0362 -0.0723 
0.0362 -0.0362 
0.0723 -0.5063 
0.0723 -0.4702 
0.0723 -0.4340 
0.0723 -0.3978 
0.0723 -0.3617 
0.0723 -0.3255 
0.0723 -0.2893 
0.0723 -0.2532 
0.0723 -0.2170 
0.0723 -0.1808 
0.0723 -0.1447 
0.0723 -0.1085 
0.0723 -0.0723 
0.0723 -0.0362 
0.1085 -0.5063 
0.1085 -0.4702 
0.1085 -0.4340 
0.1085 -0.3978 
0.1085 -0.3617 
0.1085 -0.3255 
0.1085 -0.2893 
0.1085 -0.2532 
0.1085 -0.2170 
0.1085 -0.1808 
0.1085 -0.1447 
0.1085 -0.1085 
0.1085 -0.0723 
0.1085 -0.0362 
0.1447 -0.5063 
0.1447 -0.4702 
0.1447 -0.4340 
0.1447 -0.3978 
0.1447 -0.3617 
0.1447 -0.3255 
0.1447 -0.2893 
0.1447 -0.2532 
0.1447 -0.2170 
0.1447 -0.1808 
0.1447 -0.1447 
0.1447 -0.1085 
0.1447 -0.0723 
0.1447 -0.0362 
0.1808 -0.5063 
0.1808 -0.4702 
0.1808 -0.4340 
0.1808 -0.3978 
0.1808 -0.3617 
0.1808 -0.3255 
0.1808 -0.2893 
0.1808 -0.2532 
0.1808 -0.2170 
0.1808 -0.1808 
0.1808 -0.1447 
0.1808 -0.1085 
0.1808 -0.0723 
0.1808 -0.0362 
0.2170 -0.4702 
0.2170 -0.4340 
0.2170 -0.3978 
0.2170 -0.3617 
0.2170 -0.3255 
0.2170 -0.2893 
0.2170 -0.2532 
0.2170 -0.2170 
0.2170 -0.1808 
0.2170 -0.1447 
0.2170 -0.1085 
0.2170 -0.0723 
0.2170 -0.0362 
0.2532 -0.4702 
0.2532 -0.4340 
0.2532 -0.3978 
0.2532 -0.3617 
0.2532 -0.3255 
0.2532 -0.2893 
0.2532 -0.2532 
0.2532 -0.2170 
0.2532 -0.1808 
0.2532 -0.1447 
0.2532 -0.1085 
0.2532 -0.0723 
0.2532 -0.0362 
0.2893 -0.4340 
0.2893 -0.3978 
0.2893 -0.3617 
0.2893 -0.3255 
0.2893 -0.2893 
0.2893 -0.2532 
0.2893 -0.2170 
0.2893 -0.1808 
0.2893 -0.1447 
0.2893 -0.1085 
0.2893 -0.0723 
0.2893 -0.0362 
0.3255 -0.3978 
0.3255 -0.3617 
0.3255 -0.3255 
0.3255 -0.2893 
0.3255 -0.2532 
0.3255 -0.2170 
0.3255 -0.1808 
0.3255 -0.1447 
0.3255 -0.1085 
0.3255 -0.0723 
0.3255 -0.0362 
0.3617 -0.3978 
0.3617 -0.3617 
0.3617 -0.3255 
0.3617 -0.2893 
0.3617 -0.2532 
0.3617 -0.2170 
0.3617 -0.1808 
0.3617 -0.1447 
0.3617 -0.1085 
0.3617 -0.0723 
0.3617 -0.0362 
0.3978 -0.3617 
0.3978 -0.3255 
0.3978 -0.2893 
0.3978 -0.2532 
0.3978 -0.2170 
0.3978 -0.1808 
0.3978 -0.1447 
0.3978 -0.1085 
0.3978 -0.0723 
0.3978 -0.0362 
0.4340 -0.2893 
0.4340 -0.2532 
0.4340 -0.2170 
0.4340 -0.1808 
0.4340 -0.1447 
0.4340 -0.1085 
0.4340 -0.0723 
0.4340 -0.0362 
0.4702 -0.2532 
0.4702 -0.2170 
0.4702 -0.1808 
0.4702 -0.1447 
0.4702 -0.1085 
0.4702 -0.0723 
0.4702 -0.0362 
0.5063 -0.1808 
0.5063 -0.1447 
0.5063 -0.1085 
0.5063 -0.0723 
0.5063 -0.0362 
